     0/911     3.64G   0.05237   0.02134         0   0.07371        56       960   0.01344   0.01753 0.0005445 7.293e-05   0.07688   0.07616         0
     1/911     3.64G   0.04284   0.01193         0   0.05477        43       960  0.003327   0.05367 0.0004912 0.0003208   0.07727    0.1182         0
     2/911     3.64G   0.04041    0.0146         0   0.05501        40       960  0.001356   0.02469 5.948e-05  8.06e-06   0.08658    0.0821         0
     3/911     3.64G   0.03684   0.01425         0   0.05109        21       960  0.002708   0.05796 0.0001764 2.641e-05   0.08012   0.07833         0
     4/911     3.64G   0.03655   0.01477         0   0.05132         8       960   0.00646    0.1202 0.0009635 0.0001761   0.07802   0.08771         0
     5/911     3.64G   0.03539    0.0149         0   0.05029        10       960  0.005097   0.03256 0.0009391 0.0003583   0.07996   0.09191         0
     6/911     3.64G   0.03202   0.01666         0   0.04868        26       960   0.01921   0.06941  0.003602 0.0008661   0.07697    0.1057         0
     7/911     3.64G    0.0313   0.01719         0   0.04849        38       960   0.03885    0.0458  0.009463    0.0039   0.07366     0.112         0
     8/911     3.65G   0.02916   0.01735         0   0.04651        11       960   0.06299   0.06297   0.01082  0.003168   0.07218     0.116         0
     9/911     3.65G   0.02931   0.01618         0   0.04549        32       960   0.06621   0.08336    0.0186  0.005768   0.07184    0.1071         0
    10/911     3.65G   0.02878   0.01649         0   0.04527        21       960    0.1595    0.1596   0.06309   0.01511   0.06936    0.1158         0
    11/911     3.65G   0.02915   0.01609         0   0.04523        12       960    0.1461   0.09374   0.03437  0.005359   0.07073   0.09542         0
    12/911     3.65G   0.02752   0.01522         0   0.04274        16       960    0.1552    0.1041   0.04596  0.009127   0.07168   0.08888         0
    13/911     3.65G   0.02702   0.01586         0   0.04288        17       960    0.1991      0.22    0.1071    0.0223   0.06806    0.1016         0
    14/911     3.65G   0.02619   0.01504         0   0.04123        18       960    0.2545    0.2726    0.1602   0.03976   0.06544    0.1084         0
    15/911     3.65G   0.02504    0.0145         0   0.03954        55       960    0.1872    0.2154    0.1049   0.02216   0.06886   0.09443         0
    16/911     3.65G   0.02481   0.01417         0   0.03899        23       960     0.313    0.2928    0.2175   0.06883   0.06572   0.09608         0
    17/911     3.65G   0.02477   0.01401         0   0.03879        16       960    0.4423    0.3053    0.2653   0.08158   0.06381    0.1037         0
    18/911     3.65G   0.02377   0.01379         0   0.03755        14       960    0.4053    0.3195    0.2592   0.06707   0.06506   0.09421         0
    19/911     3.65G   0.02235    0.0129         0   0.03525        10       960    0.4635     0.337    0.2988   0.09786   0.06324    0.1058         0
    20/911     3.65G   0.02331   0.01289         0   0.03619        15       960       0.5    0.3939    0.3344    0.1123    0.0621     0.105         0
    21/911     3.65G   0.02205   0.01326         0   0.03531        16       960    0.5193     0.327    0.2974   0.09032   0.06424    0.0901         0
    22/911     3.65G   0.02219   0.01298         0   0.03517        12       960    0.5308    0.4175    0.3597    0.1134    0.0626   0.09308         0
    23/911     3.65G   0.02211   0.01242         0   0.03453        26       960    0.5208    0.4075    0.3597    0.1091   0.06211    0.1005         0
    24/911     3.65G   0.02265   0.01299         0   0.03564        26       960    0.5539    0.4673    0.4268    0.1394   0.06084   0.09978         0
    25/911     3.65G    0.0221   0.01293         0   0.03503        22       960    0.5118    0.4224    0.3676    0.1056   0.06111   0.08856         0
    26/911     3.65G   0.02172   0.01229         0   0.03401        19       960    0.6095    0.4594    0.4322    0.1436   0.06056    0.1002         0
    27/911     3.65G   0.02046   0.01199         0   0.03246         7       960    0.5441    0.4379    0.3808    0.1194   0.06141   0.08262         0
    28/911     3.65G   0.02115   0.01226         0   0.03341        23       960    0.6522    0.5195    0.5213    0.2022   0.05845   0.09654         0
    29/911     3.65G   0.02027   0.01153         0   0.03181         5       960    0.6726     0.498    0.5059    0.1907   0.05945    0.0879         0
    30/911     3.65G   0.02009   0.01174         0   0.03183        37       960     0.659    0.5152    0.5065    0.1793   0.05875   0.08978         0
    31/911     3.65G   0.02007   0.01193         0   0.03199         9       960    0.6814    0.5374    0.5285    0.1821   0.05862   0.09559         0
    32/911     3.65G   0.02017    0.0118         0   0.03197         5       960    0.6921    0.6064    0.6081    0.2388   0.05707   0.09491         0
    33/911     3.65G    0.0194   0.01188         0   0.03128         6       960    0.6756     0.581    0.5602    0.2146   0.05761    0.0889         0
    34/911     3.65G   0.01989   0.01125         0   0.03114        30       960    0.6931    0.5624    0.5676    0.2087   0.05728   0.08713         0
    35/911     3.65G   0.01917   0.01136         0   0.03053         6       960    0.6939    0.5572    0.5809     0.213   0.05727   0.08921         0
    36/911     3.65G   0.01973   0.01101         0   0.03074        42       960    0.6539    0.5177     0.489     0.167   0.05841   0.08402         0
    37/911     3.65G   0.01992   0.01078         0   0.03069         5       960    0.7269    0.6021    0.6074    0.2458   0.05677   0.09538         0
    38/911     3.65G   0.01882   0.01068         0    0.0295        18       960    0.7243    0.6054    0.5983    0.2241   0.05696   0.08847         0
    39/911     3.65G    0.0198   0.01164         0   0.03144        28       960    0.6972    0.5728    0.5723    0.1986   0.05865   0.09007         0
    40/911     3.65G   0.01903   0.01136         0   0.03039        32       960    0.7065    0.6315     0.628    0.2502   0.05748   0.08593         0
    41/911     3.65G   0.01745   0.01026         0   0.02771        10       960    0.7258    0.6097    0.6199    0.2261   0.05906     0.084         0
    42/911     3.65G   0.01707   0.01034         0   0.02741        22       960    0.7564    0.6488    0.6656    0.2667   0.05724   0.08449         0
    43/911     3.65G    0.0178   0.01017         0   0.02797        16       960    0.7798     0.641    0.6713     0.265     0.056   0.08584         0
    44/911     3.65G   0.01953   0.01127         0    0.0308        13       960    0.7411      0.63    0.6368    0.2434   0.05584   0.08367         0
    45/911     3.65G   0.01916   0.01031         0   0.02946        22       960    0.7696    0.6274    0.6563    0.2656   0.05641   0.08994         0
    46/911     3.65G   0.01909   0.01038         0   0.02948        53       960    0.7799     0.625    0.6622    0.2667    0.0573   0.09186         0
    47/911     3.65G   0.01887   0.01079         0   0.02966         9       960    0.7461    0.6687    0.6816    0.2777    0.0557   0.08887         0
    48/911     3.65G   0.01889   0.01043         0   0.02931        21       960    0.7335    0.6636    0.6833    0.2831   0.05502   0.08473         0
    49/911     3.65G   0.01799   0.01082         0   0.02881        21       960     0.741    0.6372    0.6565    0.2522   0.05615   0.08785         0
    50/911     3.65G   0.01975   0.01117         0   0.03092        10       960    0.7519    0.6694    0.6961    0.2748   0.05442   0.08711         0
    51/911     3.65G    0.0188   0.01115         0   0.02994        41       960    0.7084    0.6579    0.6497    0.2534   0.05559    0.0891         0
    52/911     3.65G   0.01957   0.01117         0   0.03074        17       960    0.7295    0.6379    0.6469    0.2437   0.05556   0.08573         0
    53/911     3.65G   0.01903   0.01083         0   0.02985        14       960    0.7855    0.6615     0.699    0.2794   0.05482   0.08423         0
    54/911     3.65G   0.01816   0.01033         0   0.02849        22       960    0.7411    0.6547    0.6751    0.2676   0.05499   0.08482         0
    55/911     3.65G   0.01776   0.01015         0   0.02791        26       960     0.786    0.7038    0.7338    0.3099   0.05436   0.08856         0
    56/911     3.65G   0.01876   0.01011         0   0.02887        21       960    0.7465    0.7095    0.7161     0.301   0.05466   0.08343         0
    57/911     3.65G   0.01853   0.01035         0   0.02888        15       960    0.7804    0.7428    0.7622    0.3106   0.05288   0.08487         0
    58/911     3.65G   0.01804   0.01053         0   0.02857        35       960    0.7822    0.7349     0.746    0.3164   0.05332    0.0852         0
    59/911     3.65G   0.01899   0.01003         0   0.02902        48       960    0.7442    0.6934    0.6902    0.2738   0.05423   0.08546         0
    60/911     3.65G   0.01911   0.01046         0   0.02957        16       960    0.7575    0.7009    0.7115    0.3008   0.05413   0.08708         0
    61/911     3.65G    0.0183   0.01036         0   0.02866        10       960    0.7712    0.7041    0.7256    0.3096   0.05333    0.0875         0
    62/911     3.65G   0.01854   0.01065         0   0.02918         2       960    0.7779    0.7356    0.7544    0.3397   0.05294   0.08241         0
    63/911     3.65G   0.01911  0.009899         0   0.02901        20       960    0.7637    0.7273    0.7458    0.3245   0.05332   0.08432         0
    64/911     3.65G   0.01886  0.009413         0   0.02827        41       960      0.78    0.7408    0.7415    0.3071   0.05291   0.08373         0
    65/911     3.65G   0.01888  0.009928         0   0.02881        11       960    0.8285    0.7363    0.7761    0.3394   0.05197   0.08444         0
    66/911     3.65G   0.01858  0.009797         0   0.02838        13       960    0.7768    0.7657    0.7582    0.3144   0.05283   0.08452         0
    67/911     3.65G   0.01827  0.009564         0   0.02784        22       960    0.8024    0.7597    0.7737    0.3359   0.05249   0.08551         0
    68/911     3.65G   0.01799  0.009448         0   0.02744        20       960     0.798    0.7682    0.7794    0.3512   0.05243   0.08815         0
    69/911     3.65G   0.01845   0.01026         0   0.02871         8       960    0.7826    0.7277    0.7378    0.3118   0.05296   0.08512         0
    70/911     3.65G   0.01775  0.009485         0   0.02724        17       960     0.801    0.7762    0.7958    0.3593   0.05209   0.08811         0
    71/911     3.65G   0.01881  0.009751         0   0.02856        32       960    0.7962    0.7886    0.7882    0.3465   0.05244   0.08367         0
    72/911     3.65G   0.01756   0.00944         0     0.027         9       960    0.8111    0.7821    0.7935    0.3489   0.05226    0.0866         0
    73/911     3.65G   0.01741  0.009596         0   0.02701        22       960    0.7612    0.7767      0.75    0.3003   0.05319   0.08424         0
    74/911     3.65G   0.01863  0.009709         0   0.02834        21       960    0.8089    0.7937    0.7907    0.3537   0.05192   0.08389         0
    75/911     3.65G   0.01777  0.009358         0   0.02713        30       960    0.8144    0.7914     0.813    0.3614   0.05171    0.0877         0
    76/911     3.65G   0.01782  0.008741         0   0.02656         3       960    0.8227    0.7769    0.7993    0.3576   0.05189     0.085         0
    77/911     3.65G   0.01772  0.009033         0   0.02675        46       960    0.8145    0.7753    0.7901    0.3338   0.05251   0.08476         0
    78/911     3.65G   0.01772  0.008869         0   0.02659        18       960     0.798    0.7975    0.8044    0.3589   0.05206   0.08732         0
    79/911     3.65G   0.01786    0.0095         0   0.02736        19       960    0.8242    0.7961      0.81    0.3693   0.05179   0.08292         0
    80/911     3.65G   0.01717  0.009541         0   0.02671        14       960    0.8021    0.8182    0.8174    0.3648   0.05156   0.08388         0
    81/911     3.65G   0.01759  0.009303         0   0.02689        42       960    0.8277       0.8    0.8196    0.3857    0.0513   0.08255         0
    82/911     3.65G   0.01663  0.009204         0   0.02584        28       960    0.8287      0.81    0.8181     0.367   0.05172   0.08469         0
    83/911     3.65G    0.0173  0.009151         0   0.02645        11       960     0.801    0.8293     0.822    0.3705   0.05182   0.08325         0
    84/911     3.65G   0.01706  0.009032         0   0.02609        39       960    0.8224    0.7914    0.8097    0.3586   0.05199   0.08587         0
    85/911     3.65G    0.0182  0.009742         0   0.02794        23       960    0.8167    0.7864    0.8007    0.3605   0.05188   0.08733         0
    86/911     3.65G   0.01817  0.009412         0   0.02758        30       960    0.8176    0.8089    0.8156    0.3875   0.05147   0.08723         0
    87/911     3.65G   0.01753  0.009286         0   0.02681         9       960     0.845    0.7995    0.8244    0.3805   0.05119   0.08923         0
    88/911     3.65G   0.01745  0.009504         0   0.02696        16       960    0.8434    0.8043    0.8281    0.3801   0.05091   0.08789         0
    89/911     3.65G   0.01672   0.00963         0   0.02635        22       960    0.8421    0.8215    0.8352    0.3917   0.05099   0.08766         0
    90/911     3.65G   0.01769  0.009161         0   0.02685        19       960    0.8502    0.7978    0.8337    0.3832   0.05102   0.08473         0
    91/911     3.65G    0.0168  0.009177         0   0.02597        18       960    0.8429    0.8104    0.8388    0.3699   0.05135   0.08582         0
    92/911     3.65G   0.01725  0.008995         0   0.02625         8       960    0.8408     0.824    0.8417    0.3845   0.05095   0.08736         0
    93/911     3.65G   0.01744  0.009445         0   0.02689        23       960    0.8157    0.8393    0.8315    0.3804   0.05124   0.08412         0
    94/911     3.65G   0.01662  0.008874         0    0.0255         5       960    0.8444     0.825    0.8456    0.3934   0.05071   0.08539         0
